413311 552015 559064
152003 343804 601490
312769 112218 36253
413311 579120 651466
167550 210530 606349
250880 467364 618855
41452 89014 208061
242912 449211 554498
178944 315632 419004
98533 44314 39190
242912 28766 609942
23538 646317 368228
152003 111406 309000
101243 32942 526597
52467 52679 226775
242912 415222 641416
621097 29407 254316
621097 496458 263228
621097 208996 114475
632955 626441 635990
52467 353254 18992
413311 642525 28337
242912 447866 553206
101243 537376 257184 677958
167550 624712 32305
413311 664114 626457
621097 558794 498858
101243 467826 218578
589648 639707 646459
621097 323918 471574
413311 647726 624776
152003 95956 247583
101243 454409 625610
101243 192916 599915
167550 551128 124405
101243 300104 589115
574131 279046 276927
23538 618240 243782
621097 282618 147671
242912 434212 84541
621097 471330 569614
203438 412303 349874
157133 86011 41527
23538 694873 268291
413311 631026 586492
660013 133463 25142
621097 579263 565205
101243 412409 194139
167550 598538 612386
67419 102009 279146
343083 20553 56363
167550 425651 568143
101243 193841 170717
101243 272792 281041
99570 98977 419204
23538 21565 666865
101243 252206 287502
413311 566177 570115
52467 483446 72413
167550 162877 308945
101243 627429 368929
2595 2057 29670
101243 469149 246306
101243 492226 372019
10985 54151 184925
23538 612952 553242
621097 323467 332191
125260 40086 124465
167550 598860 642076
23538 668479 607969
242912 282856 241807
425739 357487 432465
4381 15826 9621
242912 153190 352748
524888 326181 243837
101243 102990 513509
167550 288810 604524
681851 631853 633201
8831 777 56906
101243 134467 647072
621097 280719 472480
619765 647674 622101
101243 573001 250671
101243 352012 427835
413311 606190 565184
253547 610867 246475
413311 565259 659691
152003 331181 233014
413311 672894 566378
617545 612022 610137
621097 149165 464104
64260 286245 109453
64260 350563 145782
267950 132177 102317
621097 557849 463941
23538 5786 355624
253547 605934 337705
101243 424331 632701
101243 518116 108659
253547 81767 345546
413311 618068 665435
101243 141365 299240
101243 541782 294104
2595 40879 28254
101243 665997 377025
621097 567808 498541
23538 248835 625795
152003 600083 393899
684044 638527 639347
64260 260801 13957
101243 642721 503990
267950 182488 218249
474202 33042 240706
684044 647490 672273
44829 49667 257856
101243 397997 354435
101243 203990 604420
101243 688187 656936
589648 600933 615782
23538 622173 623786
413311 629164 572299
624124 574543 604095
52467 126855 622562
152003 132810 324846
23320 12797 21956
621097 468061 224186
474202 325852 128953
64260 121743 111444
296464 286891 27198
474202 213107 352791
413311 592352 566085
167550 684056 524747
462789 410872 213329
101243 23437 324122
87533 70740 48397
23538 689553 656694
621097 193627 492897
413311 15675 657075
621097 210079 305374
413311 590361 644882
84872 31476 89136
23538 669579 612122
621097 483383 284930
242912 186867 556104
413311 553499 598901
437692 341119 350291
336383 33049 311727
30782 616131 518209
101243 417564 85671
621097 218960 455237
621097 49192 213265
101243 461941 537863
101243 518553 360752
23538 25335 289013
617545 649080 602544
101243 713619 308822
242912 187986 358737
30782 225433 434763
617545 620633 616872
413311 621166 551817
110881 46712 82264
621097 296013 473745
152003 529496 145184
101243 656679 427113
242912 622927 2799
413311 572498 634245
621097 39198 566994
58903 95665 93944
440272 447629 377072
250880 555869 460516
474202 367122 369615
413311 630796 573730
101243 256205 324466
167550 558181 639016
64260 124264 7034
621097 486175 551835
621097 305813 475744
413311 644041 566814
42104 54633 54879
619765 572691 291305
440272 559511 360527
101243 411061 252647
621097 592451 282347
616625 628033 628083
684044 640642 638208
67419 135311 420187
98533 15371 54470
101243 625285 432156
413311 639234 589456
253547 610508 202185
29714 42585 18916
101243 702310 480795
101243 207292 615991
23538 646713 328746
52467 48180 509744
242912 418813 630222
101243 630103 411977
64260 248948 48377
103746 377804 60377
64260 96381 113268
621097 282614 85610
101243 326837 658228
101243 413539 90083
632955 629853 632272
336383 23768 3536
101243 492457 271215
350439 14546 49155
621097 85872 287230
621097 73846 92534 210874
101243 632543 77589
621097 551120 268473
167550 406699 396807
101243 283154 276795
640931 608782 614163
101243 415505 592586
253547 593429 608522
250880 610018 212982
18928 402568 107444
462130 360088 28576
621097 593063 550730
67419 134922 295399
101243 610298 49694
22194 74761 41432
391115 262075 64835
152003 555192 175082
44953 532851 193336
101243 637229 521756
474202 380959 467257
616625 637752 601090
67419 72177 302105
167550 609732 664756
67419 300883 54374
621097 287907 473349
621097 223908 332308
621097 195660 269301
621097 262324 270435
242912 368372 616716
23538 452546 360308
242912 661365 175463
64260 268788 86077
474202 189055 329454
101243 477543 589340
621097 484646 479548
101243 415995 399715
621097 570647 256620
621097 578754 279275
167550 611168 422518
621097 19255 141690
101243 69487 656123
152003 129018 166397
440272 271942 526652
606724 602721 597716
5827 12844 24184
253547 291969 413771
413311 586591 660403
11400 509968 570822
25062 509861 28822
621097 300714 253335
44829 14595 414767
184767 184624 136680
101243 25924 135125
101243 561168 689936
64260 32329 95304
101243 650265 614102
621097 468988 207251
621097 86023 104690
101243 659808 685732
30782 189936 108991
311730 365992 379502
44829 44910 86598
101243 585972 498547
413311 600594 572257
474202 331386 522513
621097 589253 235215
67419 368471 248178
75014 222007 319939
632955 618379 631660
621097 567481 457246
617545 669187 619935
67419 380280 8458
68657 309229 112711
617545 612343 688204
684967 608619 609752
616625 605300 624871
413311 643291 604738
621097 315633 495474
617545 653433 619117
71384 346039 110010
167550 575795 321054
67419 487785 35498
101243 670636 251965
101243 296045 366305
167550 288388 450089
242912 437200 403040
101243 333762 229324
2595 21077 8659
621097 261942 464291
2595 24918 68603
242912 429195 634768
64260 57051 83237
621097 457065 581181
157133 55254 183101
311730 423343 224505
52467 615597 68373
64260 69390 243077
23538 677488 435577
64260 226109 179149
621097 113957 271124
267950 130712 268885
101243 242922 390746
167550 644056 332544
152003 488871 610232
681851 606879 639367
101243 150759 657407
101243 469411 509307
67419 68194 304973
621097 483127 582600
242912 328510 90017
621097 567157 134265
101243 642281 273590
336383 284901 79151
25584 99056 409475
101243 372699 489643
571888 210568 516917
413311 577464 610745
621097 575953 12725
30782 589982 467343
101243 640018 529352
152003 59670 605790
621097 141066 253775
630045 606435 621438
250880 598948 526878
101243 59439 429649
44829 286394 233587
44829 48481 421481
413311 673973 579583
64260 279217 80323
621097 459278 140281
11400 86522 616962
621097 471749 264918
101243 299745 453286
52467 59170 239589
116005 56250 152334
312769 31805 105487
30782 343909 324112
339120 24785 5983
23538 628920 622706
101243 554033 360269
621097 315008 587508
312769 360057 233415
621097 474770 555991
101243 293743 200912
621097 259151 300280
424466 337266 415159
253547 308477 165149
101243 389484 166824 74687
64260 94807 154252
440272 288701 526271
2595 48100 4090
621097 494585 284600
347487 135038 233702
23320 17524 21562
167550 295936 569652
64260 358583 240126
413311 551951 584100
440272 616356 271507
311730 380216 210324
108889 85286 59807
621097 268246 159053
101243 400514 349098
413311 646092 616713
5204 324493 264523
621097 287176 551952
23538 612109 238788
44829 176398 29727
350760 367712 2254
101243 446750 253714
23538 82959 312035
621097 252206 299884
23626 37475 93150
64260 102691 225236
167550 611674 217860
2595 63036 29881
67419 170608 385244
67419 184756 229443
621097 177842 161921
167550 635173 430830
413311 640178 560816
474202 374583 16917
152003 481522 296628
242744 15576 139255
44829 145754 329953
101243 585142 283461
152003 14887 70145
413311 657603 639890
30782 420567 187738
621097 481983 469675
31585 306581 357446
101243 434810 571443
2595 28892 45705
101243 91256 476703
253547 294443 630647
621097 130172 457528
152003 290714 100497
621097 324014 555686
242912 430224 175805
5626 21891 14418
167550 628483 210193
64260 73024 33876
120814 45255 140962
350159 310618 80697
44829 165295 299458
101243 638164 530527
242912 349309 418811
101243 429812 285053
621097 475711 255297
242912 80447 558030
101243 427889 604302
621097 559316 35758
621097 457985 572038
311730 386411 355954
99570 367942 85377
589304 19650 181614
474202 469310 85296
152003 554877 398516
64260 294671 42785
101243 291803 434024
64260 14319 260612
630045 652892 480589
23538 297411 613082
242912 463813 20900
64260 263072 20816
101243 376118 584795
2595 77071 81392
101243 411854 375752
101243 430353 556971
413311 637200 672991
242912 316137 418737
474202 342859 70836
373037 18632 44669
44829 21545 362822
101243 596810 492406
30782 411152 68291
413311 614643 624003
101243 550596 631088
67419 239783 309360
440272 303567 497874
101243 500847 622269
30782 507071 376732
413311 573746 633879
242912 279773 353482
101243 306648 455545
413311 634624 637669
621097 233677 199859
101243 405778 24542
67419 52792 427839
660013 149871 311736
621097 467536 327047
440272 270856 270124
660013 200335 165343
621097 457509 297922
87533 34018 52442
42104 18289 108382
413311 581477 663987
167550 621933 652500
23538 330135 380970
101243 66265 440538
101243 664783 628816
44829 38105 636031
91564 74038 55270
413311 558345 645698
23538 622859 593146
413311 646124 635121
621097 218857 451997
462130 153648 320353
621097 217174 190629
621097 585532 40686
413311 561561 606878
23538 619756 114036
101243 268289 686697
474202 464926 295412
621097 572277 470574
505896 263665 266043
413311 579019 660427
630045 648188 576654
253547 619926 649108
152003 311482 12993
152003 541526 602718
339120 357446 193349
101243 692166 378884
474202 262299 95146
413311 574796 635108
621097 562094 298282
621097 300130 152841
242912 381374 614061
44829 102968 104639
242912 37514 654848
44829 362025 50616
101243 598803 235534
621097 85851 580700
660013 140312 157715
101243 254453 132340
621097 306796 457915
630045 671932 605206
2595 8655 33712
90323 38751 11598
621097 501460 297415
101243 220476 620048
474202 162517 384133
621097 322244 557309
413311 637113 670974
101243 415291 509302
67419 128257 289605
621097 286528 561861
383239 64501 230533
621097 283591 262797
101243 298991 531329
161225 157337 29497
38218 22749 138891
617545 624477 637940
101243 373495 625250
101243 80001 566794
621097 116113 577378
621097 552784 124424
64260 186223 55403
339120 74515 264182
339120 30443 288270
621097 590640 259765
617545 693163 624810
99570 77050 220954
101243 273431 596779
621097 326005 573124
101243 383690 422321
462130 253546 115546
152003 223648 423630
101243 395627 701382
413311 550948 589148
413311 23368 637782
101243 589910 622787
101243 644813 168827
44829 411806 76081
621097 581040 494783
413311 661204 666998
621097 584220 277305
101243 329312 166911
52467 484762 92300
110881 30006 47331
101243 351366 651662
167550 640728 439724
621097 116811 49054
621097 453111 178430 84551
58903 1123 57347
621097 276962 261876
101243 324054 683664
440272 453618 441089
413311 559241 652128
167550 593062 577053
616625 627837 624809
101243 639213 162433
462130 655105 432288
101243 625944 92838
30782 580044 200903
101243 667231 151630
2595 15357 28442
84872 49944 13902
23538 553375 454467
67419 159282 100692
52467 16285 469761
311730 426746 413718
64260 23792 60323
67419 387211 237001
621097 451535 466423
621097 227745 562200
621097 321385 325351
242912 322310 367746
621097 450162 271085
201385 418990 420206
167550 513707 252049
152003 269859 97159
621097 256201 177585
101243 440624 104831
589648 612669 631030
339120 441083 517662
101243 599905 605591
63537 138515 53067
91024 13295 243805
34716 53498 87875
621097 474679 596615
44829 91055 24425
242912 319645 354232
101243 621139 601954
413311 661066 570831
621097 321588 106984
30782 30946 482796
621097 109489 556037
101243 438684 457995
63537 104200 153539
684044 636181 627946
101243 38958 16590
101243 344962 274559
621097 496124 170645
5626 20070 33589
152003 352003 92841
101411 430098 44279
23320 2173 46375
116005 224101 224390
413311 631427 674426
101243 634443 100244
253547 124837 605020
42104 49556 101986
413311 677914 557647
101243 116697 478822
101243 300911 214232
67419 291863 443548
64260 56999 35833
621097 469978 101275
101243 78451 315035
617545 607972 631228
101243 547801 606646
350912 230033 215510
44829 295568 216984
101243 89017 554977
413311 23511 641921
44829 128726 7130
101243 552332 98302 402055
621097 320762 470711
101243 518645 586167
621097 93609 552780
413311 551345 587948
474202 364224 515312
413311 581187 633795
44829 157472 337005
64260 118239 235627
413311 618070 643148
621097 594580 582024
681851 636804 652311
167550 643398 655323
621097 147298 457811
101243 413391 441318
64260 116851 48965
621097 166071 168541
44829 117280 271125
101243 437121 556493
101243 367824 526917
101243 353131 653829
350439 360578 298201
462130 247009 271095
23538 671633 195888
58903 23251 24834
23538 624730 538457
101243 439148 11228
84872 65241 100844
5345 892 8221
101243 269022 73953
22972 35791 8070
440272 360495 194129
617545 638006 612430
101243 646151 82770
339120 288883 254099
184767 138306 10377
64260 74476 13993
64260 129556 216586
30782 163628 122022
413311 610486 629692
312769 135388 252766
84872 77590 27263
101243 429796 274794
413311 655934 593198
621097 468680 111124
242912 594079 469724
331564 348733 29447
106460 56309 30216
621097 276289 251104
101243 407231 536936
101243 268624 442980
101243 44770 464972
413311 585928 656630
2595 57596 69565
621097 275112 50688
101243 151396 532856
242912 618023 547363
101243 368379 573245
242912 275701 142855
621097 285399 268874
101243 413613 378686
116005 17970 326659
101243 556865 353011
440272 268411 373785
242912 307334 565524
621097 75192 550788
101243 268579 437986
390582 226034 371632
101243 570411 532849
23538 671717 303028
621097 480672 257022
58903 9175 81585
413311 674619 9635
167550 601976 403230
23538 645956 622215
621097 498954 473199
103746 22929 284121
23626 18356 9308
101411 381482 63748
179866 16316 82197
101243 481994 104680
120814 37184 176008
621097 475318 565610
101243 323893 636511
288490 160447 116842
413311 577196 585482
253547 108912 49064
242912 586340 584362
413311 599047 645813
29714 26278 38166
621097 202461 551616
67419 466801 261559
101243 20690 418219
101243 633221 614735
101243 695725 481781
122590 400682 26776
67419 429489 253982
167550 110868 64387
681851 641925 612836
101243 268477 364330
546619 493122 492612
34643 59693 1258
122590 184657 193074
621097 587622 60498
413311 604563 564612
101243 492005 87413
101243 77071 401770
474202 284231 105963
242912 408067 42564
167550 87766 142364
34643 5630 3293
101243 416703 681084
101243 603851 265114
34643 8035 34057
67419 117731 175883 221158
101243 274916 7579
41452 366539 76086
462130 600088 265125
64260 16120 33546
101243 561144 275025
30821 41288 63222
413311 551624 665118
241839 378670 306454
509318 357657 403653
101243 250552 392947
242912 485486 222266
58903 52714 14665
38218 110626 143734
64260 66497 36621
242912 603033 682103
87533 16292 45524
621097 476355 554684
101243 508655 602892
101243 689256 140560
267950 3937 54893
44829 234627 24487
116005 417695 212275
621097 469610 327793
152003 39069 118173
621097 254984 485125
101243 610437 290162
167550 632150 183475
101243 282172 658513
101243 440548 310213
64260 251773 25205
101243 661973 555209
326268 462301 174969
167550 130776 640470
336383 291679 58471
339120 488363 84746
161225 179615 89017
101243 297580 217890
588254 550136 587236
167550 597286 441319
167550 381925 674050
621097 587925 150926
80793 87651 99730
101243 550308 104738
242912 406112 368258
242912 478984 321311
462130 152786 597480
413311 650198 666792
11400 202358 604409
11400 113608 308587
621097 259501 134472
242912 473800 351366
101243 447056 344971
30782 480158 104873
474202 262322 61847
242912 595521 657929
101243 556932 416234
413311 551431 658461
101243 326610 32784
373037 6838 304458
101243 16739 263032
413311 666162 677126
311730 142539 161067
30782 182787 482119
413311 597784 575126
462130 5266 572518
339120 562765 609880
681851 629398 612111
242912 679160 363788
67419 135297 270239
621097 6551 126374
101243 620650 471324
2595 21670 76033
116005 353806 84348
23320 7931 1700
242912 451223 422800
101243 455155 691506
7145 11514 10518
44829 3237 92862
101243 446814 374420
621097 556969 93007
67419 371570 369851
152003 37329 573244
474202 83399 414150
167550 658288 357627
125260 6573 39510
280034 664034 39330
621097 583848 581678
621097 158827 584661
621097 561610 557125
621097 269164 285626
101243 203387 268297
23538 306105 123524 468585
413311 573400 667963
242912 61198 573387
101243 232714 492710
617545 644103 636047
34716 37031 9617
253547 86487 617568
413311 649492 676285
101243 347749 630799
621097 30508 175768
167550 639397 238594
167550 686872 680908
413311 562112 638241
101243 373102 86338
621097 559967 471934
101243 273527 627202
474202 266613 417853
242912 251493 25898
167550 654086 611283
101243 369188 599018
440272 556847 637375
67419 36908 140688
42104 36689 114342
101243 664029 491976
152003 616870 470678
11400 557276 39373
242912 377111 541243
242912 540620 178286
101243 554508 114570
339120 436296 383046
413311 669352 575043
5827 19219 66802
125260 55247 72320
101243 435123 619097
101243 599301 251869
101243 450586 387686
101243 469841 601466
474202 434073 268036
373037 54925 219416
101243 548297 25818
101243 499121 556042
474202 203191 418107
621097 587762 280037
30782 6818 348839
621097 558806 20279
167550 421765 641165
101243 325136 397970
413311 570239 568044
101243 630634 455306
101243 376268 112515
167550 619621 617226
67419 437267 260045
64260 53614 146732
621097 277213 551225
101243 423793 435450
64260 98260 280419
242912 280367 392194
54276 25336 46449
242912 369702 13507
110881 39467 122057
413311 628620 557465
684044 600088 643067
242912 327584 555300
152003 309809 369884
44829 36100 16434
621097 295306 321767
621097 550830 155983
101243 215025 564078
621097 469463 262389
23538 687860 577973
116005 58249 415332
30782 560110 107077
101243 685333 284240
101243 46304 272718
101243 454005 181913
242912 131857 348081
242912 411185 86475
101243 215169 6296
250880 305251 628877
23320 46527 28942
621097 469995 592166
621097 281257 555409
471978 365846 367718
108889 9816 66283
695207 548602 491361
101243 331837 613846
22972 66010 14164
440272 562905 369968
242912 110139 304705
64260 46714 57521
167550 671000 41744
617545 658986 671532
167550 681538 228211
621097 166824 320574
2595 81165 75006
373037 34565 463097
23538 155495 598715
101243 179243 88032
52467 109682 290214
474202 155510 394401
64260 58392 56819
30782 102110 384676
70913 112126 408131
167550 245250 60579
474202 47976 421409
39459 208714 45271
40504 81205 36257
101243 274891 162639
681851 637220 549705
67419 251758 218491
267950 8325 21330
101243 58102 162286
90323 96152 201936
621097 194628 556718
440272 309949 237376
167550 461374 622210
44829 223181 334004
621097 332039 63312
640931 634432 637361
23538 92169 632452
242912 80531 459138
99570 228463 146443
621097 73904 556539
267950 187736 71537
30782 597226 68789
23538 304276 312477
44829 53630 337883
64260 157082 73173
116005 347924 112487
167550 609697 646334
440272 506671 197220
167550 20333 199787
44829 431744 210522
311730 422930 146828
58903 68722 98400
621097 585380 138724
70913 57750 325921
44829 106940 24338
64260 385236 28600
64260 135916 100785
101243 651247 657309
101243 455440 477097
440272 422255 410116
67419 85174 72904
621097 469057 158112
413311 669118 552017
23538 593236 195457
101243 319041 641560
413311 677624 611634
101243 268174 670597 549243
101243 619466 669100
67419 57251 429266
125149 122394 91885
23538 630996 646623
101243 400371 612297
87533 186399 13168
242912 401054 77480
4537 309385 160361
101243 413266 435560
101243 104267 171149
600447 20620 626625
101243 516827 273272
52467 4975 127063
440272 573808 271533
101243 399688 692130
167550 422164 194461
101243 570168 359053
125260 71620 72684
90323 119204 307025
440272 514182 475522
44829 99126 55932
23538 644784 333879
91024 310539 21589
2595 42929 62858
413311 9458 642192
621097 107555 277392
621097 138677 100634
413311 588141 587378
630045 624649 622855
23538 641422 16267
30821 116729 90324
431 62027 279828
621097 562875 56830
167550 625766 288121
621097 102999 455827
152003 200598 479137
44829 157456 104931
87533 143654 24498
413311 618438 645542
101243 415234 434486
101243 614744 310700
101243 268233 630494
681851 619198 598139
621097 306826 480923
101243 494989 578333
30821 52634 38693
621097 574030 103612
621097 301488 479130
312769 324721 313195
44829 54506 133237
9416 5115 79154
242912 332017 253321
44829 45946 576874
621097 288281 322159
621097 568176 34304
101243 22810 610818
5196 23020 235394
87533 18231 92775
279056 389150 286818
101243 247877 652243
589648 625309 599543
242912 603877 325229
413311 650805 619076
101243 482163 101680
250880 389920 518112
621097 172271 277229
101243 373055 441346
101243 579569 526797
64260 48948 271098
339120 445984 262646
101243 650491 563050
101243 277264 633066
101243 442084 111182
621097 462412 259081
413311 655152 613034
101243 335064 238172
101243 529890 376487
621097 30784 299980
474202 408759 305873
23538 290149 679018
67419 56899 403862
45871 201594 169726
11573 401902 184831
2595 26399 49489
101243 689273 619482
116005 312793 30230
339120 164287 213423
101243 112036 451562
11400 308516 554062
101243 284801 223996
101243 441107 369913
311730 133212 303542
311730 372737 250515
250880 568196 607996
621097 575650 565401
101243 211171 420197
101243 567467 469079
296464 216078 24728
101243 626729 621987
23538 21848 636457
67419 39924 72644
242912 353907 546887
242912 538760 168909
413311 610321 664047
621097 61776 169974
152003 452843 65635
391115 129755 160673
242912 133022 35164
419679 421211 419928
125260 26245 68653
101243 268505 585839
101243 268473 612244
64260 122234 70829
101243 383098 132011
101243 530417 661786
101243 577839 431145
67419 188763 253980
23320 13604 28794
64260 60548 90645
67419 443807 392682
350760 273733 250312
152003 118043 78637
101243 618355 341821
440272 97385 636423
242912 210499 80617
413311 562407 637435
621097 67770 76237
101243 379713 699936
52467 172895 236627
621097 566571 553654
101243 619520 56002
413311 553104 615964
253547 625003 636459
242912 426718 119403
621097 270341 82827
621097 556638 478205
101243 364817 361273
413311 552512 581472
242912 241685 575190
101243 536332 36972
311730 362975 353732
681851 620694 664912
87533 174104 60856
101243 447334 654440
101243 507693 415410
311730 366712 452617
30782 268873 141050
30782 54555 267151
474202 148842 244647
471978 351814 185785
369441 81688 57109
167550 678902 667807
621097 256310 167686
250880 517888 38265
462130 192562 344742
62629 106983 132936
390582 230002 198319
343083 20171 246921
267950 234130 55804
681851 628909 664848
621097 332636 569593
621097 175106 496526
44829 285445 147006
167550 246547 678844
101243 475981 598120
44829 204049 81128
5626 41214 7610
621097 91514 172551
621097 224573 571077
413311 28913 629659
413311 625732 572185
64260 188772 128163
184149 578099 582911
497951 239737 28275
84872 56926 56492
101243 101650 415058
23538 439176 18799
440272 610346 444020
589648 657088 634646
413311 589625 665406
312769 301663 153343
101243 570256 664899
23538 409597 598730
101243 550869 679282
474202 383204 211253
44829 137807 85352
101243 679696 602767
203486 179157 24656
64260 144332 346767
67419 47125 418482
107125 148250 221611
101243 106847 382604
44829 106264 163230
101243 659249 375578
413311 660682 650380
101243 640690 654382
101243 385567 403103
167550 232930 16427
622486 625876 638093
64260 43286 62120
152003 323579 371598
621097 299818 470289
98533 55047 126272
621097 452212 175073
101243 154278 691298
242912 387700 548063
413311 562255 605502
101243 620428 571626
413311 653674 579100
167550 639395 414736
242912 462825 287792
474202 20067 86575
621097 584311 74458
252273 529267 262395
242912 657792 89046
101243 247835 655570
23538 335720 659974
614834 571895 642750
90323 220238 260338
39335 42780 53291
101243 568631 205976
9416 86485 231615
96831 59461 17473
223677 429022 396887
152003 21435 149866
474202 301668 425188
462130 637053 279668
413311 663132 665113
52467 220893 237216
44829 33962 271436
30821 186600 138209
242912 282770 256970
509318 369678 294280
17046 7820