0 4 4 9
0 8 1 1
0 9 10 5
0 17 7 6
0 18 9 8
0 29 5 6
0 47 1 9
0 112 9 7
0 135 4 6
0 150 7 2
0 156 9 5
0 166 8 10
0 215 7 9
0 256 10 4
0 259 5 10
0 265 6 6
0 274 9 5
0 321 9 1
0 352 2 7
0 415 8 1
0 552 9 6
0 618 1 1
0 646 2 4
0 670 7 6
0 674 1 7
0 679 1 8
0 704 1 3
0 843 8 4
0 902 2 7
0 917 10 6
0 936 6 1
1 7 8 2
1 15 2 2
1 30 9 8
1 37 8 3
1 70 7 5
1 82 4 1
1 135 9 3
1 228 3 9
1 292 8 10
1 357 9 9
1 481 9 6
1 535 2 8
1 565 5 4
1 644 7 1
1 705 1 8
1 768 3 2
1 825 10 1
1 920 10 5
2 0 9 4
2 3 9 1
2 8 5 3
2 48 2 6
2 132 2 5
2 167 7 3
2 260 1 1
2 267 8 6
2 328 2 1
2 523 4 4
2 826 5 8
3 24 7 1
3 131 4 8
3 272 8 5
3 277 10 9
3 530 10 1
3 592 10 5
3 652 1 1
3 817 1 10
4 0 6 5
4 4 2 3
4 15 10 10
4 24 8 2
4 50 9 2
4 60 3 1
4 64 5 3
4 248 10 6
4 284 6 1
4 293 8 2
4 368 10 8
4 517 6 9
4 576 9 7
4 683 4 6
4 774 4 9
4 803 7 6
4 808 5 4
5 18 1 6
5 216 2 9
5 584 4 9
5 887 10 4
6 3 4 8
6 148 6 2
6 212 4 8
6 259 6 1
6 267 6 6
6 268 8 6
6 466 6 3
6 512 7 8
6 798 6 2
6 1002 8 7
7 81 1 9
7 110 9 9
7 237 2 1
7 715 1 6
8 1 5 7
8 2 7 10
8 19 3 7
8 32 4 2
8 42 9 9
8 58 5 10
8 202 8 7
8 272 8 8
8 273 1 1
8 386 9 6
8 393 2 4
8 486 2 5
8 552 5 1
8 642 8 7
8 656 4 9
8 735 3 4
8 850 4 7
8 902 7 4
9 39 8 8
9 43 6 1
9 274 10 4
9 416 9 1
9 526 7 8
9 572 6 9
9 823 9 3
9 907 7 9
10 13 4 10
10 40 6 8
10 75 6 6
10 84 1 6
10 160 10 3
10 176 3 5
10 208 3 7
10 518 4 6
10 523 2 1
10 584 8 9
10 599 4 6
10 680 8 6
10 778 5 10
11 204 6 5
11 586 7 1
11 752 4 7
11 779 3 4
12 0 5 4
12 24 10 4
12 55 9 9
12 65 1 10
12 116 9 6
12 128 10 3
12 269 1 3
12 366 6 8
12 634 4 1
12 781 7 8
13 66 4 3
13 192 4 9
13 224 6 2
13 320 6 2
13 780 9 2
14 127 8 10
14 152 3 8
14 210 2 10
14 321 2 9
14 376 1 2
14 584 5 8
14 616 2 6
15 352 8 4
15 485 1 2
15 659 9 4
15 854 6 4
16 9 6 10
16 24 7 8
16 64 8 10
16 96 6 2
16 132 2 8
16 148 7 1
16 198 4 3
16 516 2 3
16 643 3 2
16 806 7 8
17 48 5 6
17 129 6 9
17 258 7 2
18 51 8 3
18 203 4 3
18 215 1 7
18 290 10 9
18 641 4 7
18 645 3 8
19 7 7 3
19 24 9 6
19 657 10 5
19 709 1 10
20 1 9 7
20 10 1 5
20 28 8 2
20 36 8 1
20 69 4 5
20 176 3 4
20 194 5 3
20 323 10 4
20 786 9 7
21 116 8 6
21 258 7 2
21 308 6 1
22 24 7 10
22 68 3 6
22 97 1 4
22 107 1 4
22 133 3 7
22 281 5 1
22 320 2 7
22 331 4 7
22 565 1 4
23 328 9 3
23 770 9 9
23 886 4 9
24 9 9 10
24 533 4 7
24 781 3 4
24 786 2 2
24 848 10 3
24 944 8 9
25 523 2 4
25 592 3 9
26 20 7 4
26 22 4 6
26 109 9 8
26 801 2 10
27 130 2 4
27 210 5 5
27 547 9 9
27 549 7 1
28 42 8 3
28 72 1 9
28 146 2 10
28 192 9 4
28 203 7 7
28 624 8 9
28 647 6 10
29 1 1 5
29 5 8 7
29 327 10 8
29 532 9 6
29 809 3 5
30 21 1 3
30 52 9 4
30 129 6 1
30 588 9 1
31 77 10 9
31 561 9 3
32 16 7 4
32 33 10 10
32 42 9 1
32 72 1 10
32 185 8 5
32 196 1 9
32 204 10 3
32 211 6 8
32 219 5 8
32 276 7 3
32 388 10 1
32 414 1 1
32 514 7 8
32 612 9 2
32 641 5 5
32 721 5 6
32 759 6 3
32 803 8 10
32 848 7 4
32 960 2 10
33 2 2 8
33 3 1 6
33 26 7 2
33 31 8 5
33 64 6 6
33 276 4 4
33 277 10 3
33 320 7 8
33 544 2 4
33 785 3 1
33 898 1 5
33 945 9 9
34 144 7 2
34 292 7 7
34 324 7 5
34 561 1 4
34 663 5 4
34 720 1 4
34 800 9 5
35 65 2 10
35 266 3 7
35 551 6 8
35 689 9 7
36 12 10 3
36 34 3 4
36 48 5 8
36 257 5 8
36 266 2 7
36 288 4 7
36 320 6 4
36 448 3 9
36 555 2 6
36 705 6 6
36 858 5 5
37 2 6 2
37 13 1 10
37 364 6 10
37 520 3 1
37 594 5 6
37 640 6 4
37 673 7 9
38 1 5 8
38 180 2 1
38 204 8 10
38 544 8 5
39 3 10 9
39 48 9 1
39 520 6 4
39 982 6 1
40 9 10 7
40 20 1 6
40 39 3 4
40 65 8 2
40 256 10 3
40 512 4 2
40 528 6 4
40 605 5 7
40 645 7 2
40 672 2 10
40 756 6 6
40 761 9 9
40 840 9 8
40 980 9 8
41 96 6 5
41 263 6 9
41 276 3 6
41 321 7 3
41 513 8 10
41 987 4 3
42 42 7 9
42 140 1 6
42 329 1 5
42 411 7 3
42 778 2 1
42 839 6 6
43 1 4 6
43 546 1 7
44 10 1 1
44 12 1 5
44 47 9 10
44 430 8 3
44 524 2 5
44 794 2 7
45 23 8 1
45 50 3 6
45 74 10 3
45 266 7 8
45 615 9 3
45 808 4 9
45 844 10 10
46 57 8 6
47 80 1 10
47 1022 8 8
48 67 8 3
48 168 3 9
48 176 4 4
48 193 5 9
48 198 3 3
48 226 6 1
48 646 3 5
48 708 10 8
48 789 10 10
48 843 9 7
48 932 1 6
49 4 2 9
49 17 8 1
49 310 1 10
49 313 5 10
49 516 5 2
50 9 3 4
50 113 2 9
50 528 6 7
51 70 7 8
51 377 8 4
51 516 7 4
52 46 9 5
52 188 3 10
52 256 9 10
52 285 2 9
52 390 7 9
52 899 8 5
53 146 9 9
53 245 6 8
54 112 3 1
54 718 10 4
55 278 2 6
56 89 6 8
56 267 9 1
56 472 5 6
56 544 5 2
56 560 4 3
57 5 3 2
57 33 10 9
57 128 7 3
57 448 2 5
58 113 1 4
58 470 1 6
59 58 3 10
59 292 10 9
59 453 8 7
59 583 7 2
60 3 6 6
60 5 7 3
60 33 4 2
60 112 9 2
60 948 7 4
61 644 4 4
61 648 8 6
62 521 4 1
62 612 8 4
64 1 1 6
64 26 8 6
64 41 10 2
64 192 10 4
64 194 1 10
64 197 2 9
64 203 8 7
64 272 7 10
64 370 8 10
64 465 5 4
64 481 7 2
64 514 7 7
64 686 10 7
64 756 1 10
64 771 9 7
64 780 7 1
64 790 4 3
65 25 6 9
65 61 7 5
65 96 3 8
65 104 5 5
65 118 7 2
65 218 7 5
65 241 4 1
65 265 9 10
65 274 7 9
65 421 10 7
65 515 6 9
65 571 4 9
65 614 2 5
66 140 6 1
66 545 9 9
67 2 10 6
67 16 9 5
67 20 6 8
67 37 5 1
67 73 2 9
67 453 4 7
67 482 4 4
67 840 8 5
68 153 3 6
68 192 6 7
68 226 7 7
68 284 5 3
68 322 3 10
68 576 6 1
69 138 1 1
69 276 10 4
69 466 1 5
69 529 5 9
69 572 7 2
69 768 1 5
70 109 7 5
70 212 3 2
70 431 4 5
70 608 2 8
70 642 8 10
70 646 9 2
70 648 10 3
70 672 6 8
71 1 3 9
71 264 2 8
71 409 4 6
71 700 4 4
72 8 6 10
72 37 10 1
72 65 7 10
72 280 10 4
72 437 4 7
72 533 1 5
72 961 7 1
73 39 4 4
73 640 9 7
73 870 1 3
73 999 9 1
74 512 6 10
74 548 10 5
74 600 6 1
74 768 10 6
74 1012 6 5
75 259 6 1
75 576 3 3
76 76 3 10
76 84 8 9
76 133 10 10
76 262 7 2
76 586 4 2
76 855 1 9
77 256 3 5
77 267 10 7
77 450 1 5
77 456 9 10
78 288 3 7
78 517 7 1
78 784 2 6
78 919 3 1
79 165 6 6
79 386 7 1
80 0 2 3
80 51 9 3
80 82 6 4
80 132 3 7
80 211 6 2
80 528 6 3
80 677 9 5
80 920 7 9
81 807 8 8
81 852 4 9
82 280 4 8
82 283 10 4
83 115 3 3
83 124 7 2
83 304 6 8
83 617 4 6
83 784 9 9
84 64 9 3
84 74 6 5
84 216 5 4
84 490 9 6
85 31 8 9
85 65 8 10
86 234 10 2
86 524 2 10
87 353 5 8
87 462 3 4
87 512 4 1
87 515 8 4
88 330 7 7
88 782 9 4
89 2 7 9
89 4 8 3
89 76 5 6
90 20 9 2
90 274 1 7
90 843 1 4
90 977 7 1
90 988 3 1
91 154 4 8
91 652 10 3
91 951 2 2
92 38 8 4
92 91 8 5
93 49 3 6
93 134 8 2
93 669 6 8
94 869 7 4
94 954 4 5
95 20 5 7
95 34 7 8
96 32 1 9
96 80 4 6
96 103 9 5
96 148 7 10
96 208 6 3
96 220 10 2
96 276 4 3
96 304 4 10
96 321 10 4
96 356 4 2
96 547 8 7
96 776 5 8
96 820 9 6
97 18 2 9
97 48 9 4
97 130 1 2
97 144 8 5
97 167 4 2
97 195 10 7
97 286 2 6
97 473 5 9
97 525 3 1
98 14 1 10
98 352 4 10
98 401 3 10
98 671 6 5
98 928 1 6
99 117 9 10
99 134 6 6
99 249 10 4
100 128 6 6
100 294 5 7
100 752 10 4
100 768 6 7
100 901 7 6
101 70 8 4
101 124 1 6
101 161 8 5
101 169 10 8
101 392 6 1
101 599 4 5
102 6 1 6
102 78 2 9
102 166 5 2
102 264 7 9
103 704 3 10
104 26 8 4
104 28 3 4
104 48 9 7
104 64 3 3
104 132 2 4
104 313 4 7
104 512 8 1
104 673 3 9
105 3 4 7
105 296 5 3
105 779 2 10
106 516 6 8
106 652 2 2
107 3 3 4
107 129 1 9
108 133 10 9
108 514 4 8
108 825 4 1
109 707 8 2
111 12 2 9
112 0 7 9
112 1 9 8
112 3 9 3
112 28 4 7
112 84 2 3
112 107 3 2
112 165 7 5
112 776 5 8
114 68 10 1
114 416 9 3
114 452 7 1
114 497 3 7
114 872 9 7
116 33 9 5
117 106 5 2
117 803 1 8
118 565 3 10
119 446 4 9
119 836 8 7
120 0 7 9
120 76 6 10
121 536 1 6
122 24 1 6
122 80 8 1
122 185 9 2
122 294 4 4
123 600 1 3
124 304 4 4
124 348 10 4
125 268 2 8
128 1 3 9
128 10 9 1
128 58 6 2
128 134 3 8
128 200 1 5
128 208 2 3
128 320 4 6
128 362 2 1
128 375 6 7
128 376 5 2
128 433 9 8
128 453 2 5
128 628 5 7
128 770 9 7
128 806 4 4
129 0 6 9
129 10 1 8
129 37 8 1
129 39 1 6
129 88 3 3
129 163 10 2
129 584 5 3
129 707 7 8
130 78 4 2
130 272 1 3
130 273 5 4
130 368 7 3
130 520 5 5
130 528 7 1
130 532 5 4
130 540 10 9
130 675 4 7
130 772 10 5
130 980 9 1
131 581 7 10
132 6 2 8
132 17 1 7
132 94 6 1
132 137 6 2
132 372 6 3
132 516 3 1
132 713 7 6
132 916 6 6
132 957 3 4
133 23 4 8
133 138 4 9
133 614 3 1
134 67 10 4
134 84 4 10
134 208 6 5
134 224 6 7
134 377 7 3
134 390 6 10
134 516 2 9
134 768 1 2
135 258 2 1
135 544 5 3
136 21 3 3
136 39 3 9
136 81 1 4
136 160 8 2
136 482 4 4
136 610 2 6
136 657 9 2
136 684 7 3
136 831 8 5
137 148 6 6
137 256 10 9
137 259 7 10
137 325 9 6
137 678 8 3
137 778 7 5
138 266 8 2
138 415 4 9
138 590 6 4
138 902 8 10
139 87 6 3
139 426 1 6
139 865 5 1
140 72 2 7
140 135 6 1
140 143 3 4
140 168 4 7
140 464 8 10
140 724 2 6
140 776 6 2
141 2 10 2
141 521 4 6
141 954 5 1
142 641 1 8
143 116 7 3
143 144 8 8
143 187 9 3
143 286 9 8
143 642 6 1
144 18 8 6
144 68 2 8
144 248 9 8
144 257 9 8
144 418 4 7
144 433 1 9
144 520 4 2
144 800 3 4
145 1 3 7
145 2 1 9
145 67 10 3
145 94 6 1
145 184 9 5
145 216 6 7
145 273 8 9
145 392 5 10
145 513 4 3
145 576 2 9
146 69 3 4
146 146 6 5
146 396 6 6
146 910 5 2
147 513 7 10
147 522 5 10
148 1 7 8
148 24 7 8
148 130 3 9
148 139 6 1
148 146 8 3
148 278 8 4
148 464 2 9
148 515 3 6
148 912 8 4
149 20 1 4
149 633 2 8
149 649 7 1
150 141 4 4
150 160 1 2
150 656 3 9
151 102 1 5
151 132 6 3
151 207 4 3
151 250 8 6
153 26 6 8
153 151 1 3
153 171 1 2
153 592 10 4
153 598 2 9
153 833 9 5
153 961 10 8
156 54 2 5
156 133 9 5
156 521 2 4
156 814 10 8
157 404 10 5
158 104 8 3
159 526 9 10
160 34 10 4
160 81 1 2
160 144 9 7
160 452 5 3
160 644 1 5
160 801 4 8
161 21 10 5
161 40 1 1
161 326 3 8
161 376 7 2
161 524 6 4
161 576 5 6
161 717 4 9
161 898 4 4
162 160 10 9
162 290 6 4
162 306 7 10
162 517 5 8
163 227 9 1
163 361 5 6
163 601 2 3
164 34 8 3
164 38 7 1
164 87 10 4
164 217 2 7
164 264 2 9
164 280 8 5
164 329 8 2
164 481 4 3
164 636 2 5
164 646 1 9
165 141 1 8
165 397 10 2
166 686 4 1
167 104 6 6
167 289 2 8
167 384 9 4
167 456 1 1
167 712 10 7
168 8 2 3
168 52 6 2
168 67 6 9
168 68 8 8
168 98 1 2
168 480 4 2
169 25 1 7
169 72 1 1
169 351 10 4
169 514 9 2
171 144 10 5
171 810 7 2
172 8 9 7
172 32 8 8
172 569 5 7
172 664 6 4
173 261 7 6
174 493 3 8
174 582 1 1
175 863 1 6
176 32 8 5
176 137 4 9
176 270 2 6
176 273 2 1
176 824 10 10
176 864 1 7
176 916 10 2
176 932 5 5
177 128 9 6
177 280 6 7
177 560 1 1
177 611 1 8
177 744 8 9
178 100 5 9
178 144 2 4
178 580 5 8
178 797 3 3
179 429 9 2
180 19 6 5
180 152 3 7
180 600 8 4
180 973 2 7
181 97 9 4
181 331 6 1
181 768 4 6
181 964 4 9
182 300 1 6
182 672 10 10
182 728 3 2
184 141 10 3
184 161 7 2
184 664 4 1
185 5 1 9
185 42 6 2
185 391 5 8
186 272 1 8
186 582 5 6
187 800 2 2
188 4 1 9
188 199 5 6
192 43 8 9
192 52 3 7
192 72 2 5
192 177 4 9
192 388 4 10
192 392 8 6
192 524 3 2
192 536 9 10
192 713 3 3
192 898 8 10
192 904 10 5
192 999 1 3
193 8 9 7
193 28 6 7
193 120 6 3
193 131 5 2
193 162 4 3
193 375 5 8
193 422 1 7
193 718 8 8
193 775 1 7
194 321 5 10
194 592 6 1
194 677 9 4
196 81 3 6
196 286 8 6
196 377 5 9
197 61 7 2
197 100 7 6
197 297 7 10
197 592 9 5
197 611 8 9
197 769 8 5
198 3 8 4
198 196 9 5
198 812 8 6
200 146 5 10
200 445 3 10
200 577 5 3
200 924 10 1
201 39 5 3
201 98 5 6
201 140 6 8
202 11 3 5
203 654 8 7
204 6 10 7
204 520 1 8
205 457 10 8
206 80 3 10
206 530 6 9
208 12 3 9
208 14 7 3
208 88 10 10
208 534 2 4
209 55 8 7
209 513 3 10
209 564 5 9
210 1 7 5
210 882 10 9
211 4 7 4
212 34 3 8
212 69 9 1
212 112 3 9
212 262 8 6
212 285 8 4
212 673 9 4
213 64 7 1
214 369 6 9
214 585 2 1
216 66 3 9
216 138 7 3
216 792 7 9
217 923 6 8
218 86 8 7
219 389 8 7
220 176 6 7
220 658 10 1
222 532 2 4
222 852 7 10
225 257 2 4
225 316 4 9
225 948 5 6
226 35 2 10
226 157 6 8
227 336 1 2
227 592 6 10
227 838 4 4
228 32 7 3
228 294 2 4
230 9 8 4
231 261 1 2
231 290 6 10
232 5 3 9
232 65 7 2
232 80 5 8
232 130 8 7
232 480 3 9
233 212 1 4
233 912 10 3
233 973 3 10
234 848 8 6
234 917 5 9
235 281 1 3
235 645 8 7
237 91 9 7
238 620 5 5
238 642 7 4
239 370 1 10
239 560 3 4
240 18 3 7
240 66 8 1
240 799 3 10
240 914 9 3
241 206 4 10
241 245 6 1
242 156 5 3
244 33 5 5
244 356 6 4
244 932 1 5
245 705 2 3
246 64 4 6
247 626 9 2
248 0 2 5
248 290 2 5
248 557 6 4
248 902 2 5
250 46 8 2
253 636 4 10
256 1 3 5
256 4 8 8
256 5 7 3
256 68 2 2
256 69 1 4
256 97 5 5
256 160 6 8
256 212 2 10
256 243 1 10
256 262 10 10
256 312 5 10
256 344 4 2
256 416 7 3
256 512 7 7
256 522 10 7
256 616 4 6
256 705 1 10
256 764 1 2
256 772 7 4
256 804 9 7
256 904 9 10
256 963 7 8
256 992 1 8
257 0 7 1
257 156 8 10
257 268 6 6
257 272 7 7
257 544 5 1
257 680 9 2
257 806 6 10
257 912 2 8
257 920 4 1
257 945 8 5
258 24 10 10
258 34 2 9
258 36 10 10
258 138 9 4
258 265 4 7
258 673 6 6
258 810 2 8
258 880 10 1
259 7 10 5
259 100 6 6
259 165 6 8
259 226 6 1
259 268 3 1
259 327 5 5
259 532 9 9
260 131 9 2
260 256 9 7
260 295 3 4
260 522 7 10
260 545 1 1
260 678 8 9
260 978 6 8
261 8 5 2
261 67 10 1
261 72 4 4
261 356 4 5
261 672 9 3
261 995 9 10
262 32 4 8
262 134 8 4
262 193 5 10
262 256 3 7
262 906 8 6
262 1013 3 7
264 1 6 9
264 4 10 9
264 296 6 6
264 320 7 8
264 568 3 6
265 264 3 3
265 339 10 9
265 632 9 9
266 11 7 3
266 56 1 10
266 242 7 7
266 272 2 3
266 326 4 10
266 336 6 1
266 504 2 10
267 523 5 8
267 581 5 10
268 12 10 7
268 34 9 5
268 177 4 1
268 192 7 7
268 512 8 9
268 524 8 10
268 577 3 8
269 444 5 1
269 640 6 9
270 73 5 4
270 532 1 4
270 642 4 5
272 41 9 2
272 162 7 3
272 208 6 9
272 225 5 3
272 234 5 1
272 259 3 4
272 280 1 3
272 378 9 6
272 520 6 10
272 554 5 1
272 640 8 5
272 684 5 2
272 899 10 9
273 47 1 1
273 581 8 8
273 693 3 5
273 809 10 10
273 903 1 8
274 98 7 1
274 334 7 6
275 4 10 6
275 16 9 3
275 116 8 9
275 133 3 2
275 401 10 3
275 485 4 7
275 512 6 1
276 288 2 9
276 392 3 3
276 394 7 6
276 538 6 10
276 628 6 8
276 661 4 3
277 8 3 8
277 27 6 5
277 128 7 1
277 385 7 3
278 258 5 1
279 18 5 4
279 901 9 3
280 36 10 3
280 82 8 2
280 600 3 1
280 674 9 7
281 101 2 9
282 136 1 5
282 576 8 6
282 717 4 6
282 787 10 2
283 35 4 4
283 514 9 1
284 835 10 1
285 104 6 3
286 12 7 9
286 624 1 2
286 832 5 7
287 448 8 9
287 802 2 3
288 47 5 10
288 50 6 1
288 132 5 8
288 224 3 3
288 292 8 7
288 341 5 1
288 545 6 8
288 776 9 6
289 36 9 3
289 60 3 4
289 156 9 3
289 345 2 6
289 468 7 10
289 472 2 5
289 648 10 3
289 753 3 7
289 788 3 5
290 0 1 5
290 258 4 2
290 328 8 5
290 388 10 10
291 32 3 5
291 610 3 9
291 768 7 1
291 967 6 9
292 7 8 8
292 19 3 7
292 134 6 8
292 162 10 7
292 524 5 4
292 593 1 3
293 256 7 4
293 960 8 6
294 27 6 5
294 742 1 3
294 864 8 3
296 57 6 8
296 84 7 4
296 131 3 10
296 231 1 9
296 260 4 4
296 288 1 4
296 336 4 2
296 409 2 6
296 516 4 10
297 167 6 3
297 325 6 6
297 389 2 9
297 544 8 3
297 742 6 3
298 75 6 7
298 800 3 6
299 78 4 2
299 291 7 8
300 29 6 1
300 140 3 9
301 274 2 8
301 777 1 3
303 292 9 4
304 6 3 1
304 8 9 6
304 42 2 7
304 63 2 2
304 106 1 8
304 212 8 5
304 258 10 7
304 292 9 7
305 11 5 5
305 34 7 7
305 163 1 3
305 576 3 9
306 36 8 6
306 550 2 4
306 918 4 3
307 514 1 3
308 21 1 5
308 583 2 10
308 640 6 9
308 692 7 6
308 832 5 8
308 848 8 8
309 77 7 8
309 774 5 1
310 44 5 3
310 936 5 6
312 514 4 1
314 109 3 5
314 156 2 4
314 376 9 3
314 518 1 10
315 739 7 2
316 452 1 6
318 532 7 5
318 914 7 9
320 29 3 9
320 315 3 6
320 407 7 9
320 428 4 5
320 468 5 8
320 641 5 7
320 720 2 4
321 4 10 9
321 262 1 10
321 337 4 3
321 768 10 3
321 834 3 3
321 1008 2 8
322 0 4 2
322 80 2 3
322 196 4 5
322 272 9 10
322 416 3 5
322 899 6 1
322 902 10 6
323 360 9 8
323 515 4 6
324 16 2 5
324 106 5 2
324 167 9 5
324 179 1 8
324 200 1 9
324 513 2 2
324 530 7 2
325 6 1 5
325 74 5 4
325 145 1 7
325 192 7 4
325 614 3 5
325 720 4 4
326 11 6 3
326 16 8 6
326 32 6 1
326 116 9 7
326 280 6 9
326 443 4 6
327 675 9 1
327 698 3 3
328 45 8 2
328 853 7 1
329 35 5 10
329 258 1 6
329 836 4 3
330 8 1 1
330 204 4 7
331 512 2 9
332 456 3 1
332 643 5 8
334 265 2 6
334 288 4 3
335 83 6 5
335 391 4 8
336 18 7 8
336 100 6 2
336 576 8 8
336 632 2 9
337 352 2 7
337 768 1 3
337 833 2 2
338 33 7 6
338 160 9 1
338 169 10 8
339 42 2 4
340 0 9 5
340 106 7 1
340 704 2 9
340 763 3 2
341 576 10 9
342 15 2 3
342 168 1 6
342 272 1 9
342 536 4 4
343 475 4 8
344 188 10 2
344 676 1 3
345 32 1 4
345 728 6 8
345 992 1 4
346 11 3 5
346 89 10 8
347 11 5 7
347 149 7 8
347 296 7 4
347 313 10 7
348 128 8 1
348 395 4 3
349 12 8 9
352 409 10 6
352 419 6 1
352 514 8 8
352 680 8 8
352 794 10 5
352 860 7 1
353 138 7 2
353 389 7 7
353 684 4 9
354 25 3 1
354 30 9 9
354 288 1 3
354 836 1 6
354 969 8 6
355 134 8 9
355 634 7 4
356 800 1 7
357 433 3 5
357 641 8 6
357 690 3 2
358 3 4 7
358 168 5 7
358 197 6 10
360 514 8 3
360 555 9 4
360 732 7 1
360 784 8 2
360 810 8 2
361 266 3 7
361 316 5 2
362 34 1 5
363 162 9 6
363 424 5 8
364 740 4 2
366 657 9 2
368 49 10 2
368 738 7 10
368 925 2 3
371 112 2 8
371 705 6 7
371 772 3 5
372 352 8 3
375 77 5 10
376 193 5 3
379 333 10 9
380 339 8 1
381 531 8 2
382 562 3 10
384 5 5 7
384 6 8 6
384 156 3 7
384 168 4 5
384 312 9 8
384 332 2 6
384 423 8 8
384 457 10 10
384 481 9 10
384 531 5 9
384 571 8 4
384 597 6 5
384 692 4 7
384 841 2 1
384 962 2 5
385 2 2 10
385 75 4 8
385 213 4 1
385 214 6 10
385 513 2 9
385 563 4 10
386 64 8 2
386 73 5 9
386 158 3 5
386 160 7 9
386 206 5 3
386 275 2 8
386 681 7 1
386 846 4 7
386 849 9 6
386 912 7 10
387 147 4 7
387 297 9 9
387 545 4 3
387 1016 4 4
388 332 3 2
389 596 10 9
390 566 3 2
391 8 2 8
391 461 8 2
391 800 2 9
392 38 9 4
392 336 8 8
392 553 10 6
392 674 4 6
393 461 10 7
393 577 10 5
394 80 1 1
394 211 9 8
394 590 7 7
395 4 4 3
395 558 10 8
395 647 7 7
396 6 6 4
396 454 4 4
396 536 1 3
396 546 3 7
396 777 1 8
396 915 1 10
396 960 10 10
397 132 9 9
397 305 10 4
397 518 8 2
398 943 2 5
399 9 9 9
400 10 6 10
400 21 4 1
400 144 10 7
400 712 3 6
401 16 9 4
401 58 2 3
401 277 2 8
401 284 4 8
401 673 6 1
401 932 8 2
402 68 1 4
402 80 8 5
402 769 8 1
403 20 7 4
403 98 8 8
404 209 7 7
404 298 1 2
405 160 7 2
406 677 2 5
406 928 9 4
407 591 5 8
408 66 7 5
408 405 10 9
408 576 10 3
409 66 5 9
409 105 6 8
409 417 4 6
409 888 9 8
410 520 8 3
411 20 7 7
412 6 5 10
413 640 7 2
414 932 5 1
415 101 7 6
416 52 1 9
416 279 10 8
416 292 6 3
416 531 9 4
416 832 6 1
417 577 5 2
418 16 7 5
419 7 3 8
419 62 4 8
419 844 5 3
420 32 1 7
420 114 10 5
420 288 7 6
420 424 1 1
420 538 5 2
420 545 2 5
421 400 7 6
422 736 5 8
423 384 6 2
423 651 9 6
424 481 3 10
425 161 8 9
425 261 3 5
425 746 2 9
425 776 4 9
426 644 2 9
427 580 2 2
428 32 1 4
428 194 7 6
428 620 3 3
428 880 8 6
430 8 6 10
430 68 7 8
430 203 8 9
433 24 1 9
433 197 9 6
433 398 9 6
434 734 7 7
436 597 5 7
436 641 6 10
437 2 8 4
441 21 4 8
442 146 8 5
442 691 6 10
444 769 7 6
444 801 2 8
448 92 5 4
448 513 2 4
448 655 10 2
449 321 1 1
450 450 1 9
452 48 9 3
452 136 7 5
452 205 3 10
452 488 4 8
452 512 8 5
452 513 8 2
453 368 4 7
453 661 8 6
454 9 4 4
454 437 7 2
454 634 5 1
454 782 2 3
455 640 7 9
456 105 9 8
456 367 6 1
456 376 2 3
456 774 5 7
457 906 4 7
458 101 8 4
458 743 9 10
460 197 1 4
460 462 2 5
460 566 1 4
461 625 7 4
461 901 10 9
462 516 1 6
462 641 2 7
463 916 10 1
464 265 6 8
464 928 3 3
465 531 9 6
465 761 5 5
465 902 7 3
466 58 1 6
467 211 3 1
467 300 10 7
469 425 10 2
470 713 9 8
472 226 2 6
472 256 3 8
472 801 3 7
473 6 5 4
473 600 5 5
473 800 2 9
476 775 7 1
480 0 3 4
480 665 5 2
480 731 8 5
480 928 7 7
481 288 6 8
481 416 10 7
482 64 3 1
482 208 2 6
482 285 10 9
483 276 1 7
483 555 3 5
484 841 3 6
485 134 10 8
488 3 3 3
488 269 3 3
488 334 8 9
488 565 3 1
489 64 4 4
491 112 10 9
496 433 9 1
496 978 1 9
501 519 7 9
504 267 9 10
505 332 10 7
506 706 6 10
512 1 2 2
512 5 5 6
512 36 6 9
512 52 9 9
512 65 2 7
512 96 6 2
512 153 4 3
512 173 1 9
512 266 7 3
512 420 1 3
512 438 8 9
512 453 4 2
512 482 5 1
512 514 2 2
512 522 8 1
512 685 9 1
512 936 2 3
513 5 2 1
513 42 4 3
513 47 3 6
513 65 3 8
513 100 10 1
513 112 5 1
513 304 8 8
513 315 10 2
513 340 4 4
513 548 5 3
513 640 10 2
513 644 8 6
514 4 3 4
514 11 1 10
514 36 9 2
514 160 3 4
514 401 7 1
514 452 5 7
514 522 10 8
514 572 4 6
514 780 4 7
515 93 6 4
515 157 3 6
515 273 7 1
515 598 9 9
516 33 3 5
516 69 1 10
516 72 2 1
516 169 7 4
516 357 2 5
516 385 4 6
516 442 5 6
516 555 1 1
516 582 1 4
516 605 8 7
516 779 2 5
516 785 4 6
517 0 5 4
517 3 7 4
517 8 8 2
517 34 4 4
517 132 6 9
517 177 2 9
517 233 4 3
517 281 5 8
517 525 3 1
517 534 4 5
517 672 7 2
517 676 5 9
517 768 8 8
518 0 2 6
518 41 10 1
518 66 2 3
518 517 5 2
519 517 8 8
519 944 3 4
519 967 6 5
520 9 8 8
520 94 2 9
520 164 4 4
520 296 3 1
520 328 2 8
520 436 8 6
520 785 5 2
520 812 2 4
520 896 4 6
521 81 6 10
521 131 6 8
521 229 7 6
521 450 3 5
521 546 10 6
521 554 10 4
521 560 5 1
521 609 1 10
522 1 8 1
522 121 8 8
522 234 5 10
522 549 10 10
522 652 2 7
523 650 3 9
524 159 4 8
524 173 1 1
524 520 1 5
525 134 10 8
525 820 9 10
526 548 7 1
526 776 6 2
527 36 2 3
527 713 4 5
528 10 7 9
528 33 5 1
528 36 10 1
528 97 6 4
528 144 6 10
528 156 5 2
528 171 3 2
528 344 9 5
528 406 7 10
528 512 10 5
528 580 1 8
528 582 8 7
528 611 4 4
528 720 1 8
528 801 10 9
529 16 7 9
529 148 7 9
529 260 7 2
529 423 4 6
529 517 5 1
529 520 1 6
529 737 4 4
529 836 6 6
530 20 3 10
530 86 7 4
530 132 6 1
530 278 9 2
530 325 7 1
530 522 6 7
530 696 7 3
532 11 5 10
532 134 6 8
532 292 8 7
532 550 4 6
532 853 2 7
533 5 8 7
533 37 8 6
533 787 7 8
534 6 9 7
534 425 5 7
534 786 7 7
534 928 9 2
534 932 9 9
535 10 9 9
536 10 6 8
536 244 2 1
536 412 4 2
536 687 7 1
536 902 8 7
537 99 5 4
537 138 3 3
537 257 9 5
537 478 7 5
538 74 8 6
538 84 1 4
538 820 7 5
540 256 1 3
540 481 6 8
541 344 5 9
541 793 1 9
544 6 3 7
544 21 7 2
544 24 4 6
544 151 6 6
544 160 8 9
544 401 2 6
544 416 8 8
544 429 5 9
544 536 6 5
544 542 2 6
544 551 2 2
544 597 8 7
544 718 8 10
545 209 5 7
545 226 7 9
545 520 4 1
545 743 3 5
545 914 8 9
546 2 4 10
546 4 5 6
546 263 9 6
546 612 8 10
546 650 9 4
546 758 6 1
546 900 7 2
547 265 8 10
547 427 1 2
547 577 5 4
548 141 8 2
548 169 6 6
548 512 5 5
548 577 1 6
548 586 8 8
549 68 6 4
549 97 9 3
549 146 10 4
549 288 5 7
549 530 5 4
549 647 1 9
550 36 3 6
550 649 9 1
550 800 1 1
551 4 3 8
551 40 1 8
551 89 2 8
552 136 2 8
552 640 10 6
552 656 2 2
552 932 1 8
553 36 7 3
553 102 8 2
553 933 9 10
554 4 2 4
554 137 7 7
554 296 8 1
555 52 1 5
555 418 9 5
556 409 4 5
557 6 2 6
557 15 5 8
557 370 9 9
557 400 8 7
557 512 1 7
557 557 8 5
557 770 4 8
557 938 3 6
559 557 7 9
560 18 8 8
560 32 8 6
560 96 6 10
560 104 7 1
560 168 4 1
560 354 1 1
561 10 2 1
561 444 2 10
561 521 1 3
561 786 8 3
561 993 1 6
562 162 1 1
562 977 4 9
562 992 4 10
563 20 2 3
563 410 1 6
564 28 1 6
564 656 4 8
564 659 3 2
565 105 10 4
566 4 5 8
566 44 10 9
566 132 6 2
567 793 5 8
569 385 6 3
569 522 7 3
571 100 8 4
571 457 9 6
572 36 9 5
572 64 4 1
572 257 2 9
572 370 4 3
572 777 9 2
573 797 7 10
573 886 6 1
574 18 5 6
574 533 4 3
574 696 10 2
576 4 8 6
576 5 8 6
576 19 4 2
576 48 8 2
576 76 4 9
576 133 5 3
576 172 4 7
576 193 5 5
576 228 3 5
576 325 9 1
576 371 8 9
576 525 2 10
576 547 5 3
576 607 2 10
577 72 9 9
577 222 9 4
577 236 7 5
577 292 2 7
577 401 4 6
577 577 4 2
577 661 6 10
577 997 3 5
578 26 3 3
578 96 9 2
578 120 10 6
578 136 5 5
578 554 6 2
578 572 8 1
578 575 10 5
579 80 5 10
579 136 7 3
579 621 2 6
579 789 6 9
580 64 2 7
580 507 6 4
580 528 6 8
580 598 4 3
581 645 8 2
582 633 9 6
583 129 7 6
584 432 10 2
584 833 9 1
585 64 1 1
585 208 5 8
585 217 5 1
585 354 8 7
585 389 5 5
586 64 6 10
586 530 9 9
586 658 5 4
587 608 2 8
588 784 9 1
589 389 9 10
590 276 1 8
590 300 8 1
590 520 1 9
590 788 4 9
591 147 8 5
592 2 3 2
592 4 2 7
592 148 6 1
592 322 1 3
592 528 5 8
592 566 2 1
592 585 9 1
592 856 3 6
593 429 1 9
595 58 10 2
595 557 3 3
596 11 10 5
596 33 2 3
596 91 4 7
596 154 8 1
596 385 8 2
597 387 10 6
599 92 1 1
599 176 8 10
599 569 10 3
600 68 4 3
600 115 7 4
600 562 10 9
600 573 3 5
600 575 3 5
601 335 10 5
601 431 8 4
602 480 5 8
604 913 10 7
604 1006 4 1
605 80 5 1
606 281 3 4
606 807 5 3
607 288 10 4
607 393 3 5
608 176 9 4
608 185 2 5
608 522 5 8
608 576 4 5
608 648 10 3
609 28 9 7
609 210 1 8
609 225 2 2
609 526 5 7
609 768 2 9
610 24 3 6
611 125 9 6
612 170 1 3
612 534 4 9
613 840 2 8
614 265 3 8
614 936 3 5
616 81 5 3
616 450 6 8
616 806 3 8
617 374 2 7
617 908 10 7
618 70 7 5
618 1004 8 3
619 76 4 1
619 140 8 4
619 231 7 5
621 293 7 3
623 1000 6 10
624 579 8 3
625 5 10 2
625 261 4 1
625 530 6 5
626 8 1 3
626 104 7 4
626 114 1 10
626 528 2 3
626 608 1 7
627 3 10 5
627 418 4 1
627 769 8 9
627 977 7 10
628 76 6 1
629 446 4 10
629 528 7 10
631 24 1 7
632 18 6 2
633 812 5 5
635 546 2 4
637 73 7 6
638 161 10 1
640 4 8 8
640 6 4 2
640 16 7 9
640 160 4 9
640 181 8 1
640 246 4 7
640 258 8 5
640 369 2 7
640 421 2 5
640 467 1 1
640 525 3 3
640 584 9 7
640 659 3 9
640 732 3 3
640 938 1 3
640 952 9 5
641 192 9 5
642 512 8 4
642 562 4 5
642 724 6 4
643 73 9 5
643 775 6 7
644 48 6 2
644 387 3 4
644 660 1 4
644 756 1 3
644 769 2 7
645 4 6 5
645 25 9 1
645 195 7 10
645 548 1 5
645 963 8 6
646 289 4 8
646 388 9 7
648 76 4 7
648 98 8 6
648 210 4 2
648 301 10 6
648 369 3 9
648 512 3 5
648 694 10 3
648 769 6 7
649 4 5 3
649 48 1 7
650 108 4 4
650 216 3 8
650 953 5 3
651 290 5 1
652 257 8 5
652 594 3 6
654 129 3 5
654 565 8 8
655 384 7 8
655 761 2 1
656 3 8 6
656 259 8 5
656 278 3 3
656 370 8 7
656 833 4 4
657 79 4 4
657 201 7 7
658 10 3 9
658 26 3 6
658 226 10 9
658 640 1 4
660 36 5 6
660 52 6 10
660 69 1 6
660 85 4 1
660 648 7 3
661 244 8 4
661 608 6 7
662 374 9 9
664 16 2 10
664 205 9 4
664 539 9 2
664 781 6 7
665 3 8 4
665 260 3 2
666 66 8 1
667 587 2 9
668 163 6 4
668 464 3 6
668 749 5 3
670 515 10 5
672 1 5 6
672 64 5 10
672 129 8 4
672 514 10 2
672 608 5 7
672 717 5 4
673 104 2 10
673 656 4 1
674 259 1 10
674 288 9 1
674 401 8 9
674 672 8 4
675 257 2 3
675 470 2 4
676 52 4 4
677 121 1 1
677 641 5 10
678 237 9 10
679 556 4 5
680 20 7 9
680 39 1 10
680 105 4 1
680 450 5 6
680 540 10 2
681 6 5 4
681 33 1 5
682 14 6 4
682 156 1 3
683 278 3 8
684 1008 4 4
686 426 1 1
686 593 5 7
688 385 3 8
689 80 5 7
690 110 9 7
691 12 3 5
692 260 8 3
692 914 2 7
693 397 2 7
693 522 5 4
694 6 1 5
694 768 7 3
694 931 7 7
694 976 1 5
695 517 2 9
695 585 4 10
696 885 6 4
697 710 4 2
700 18 3 1
700 229 5 4
700 864 6 8
701 34 9 7
701 941 6 7
704 34 4 8
704 76 5 1
704 135 5 6
704 292 3 4
704 370 8 5
704 514 10 9
704 673 9 6
705 596 6 4
705 854 4 6
706 17 5 8
706 161 10 4
706 460 3 6
706 732 4 4
708 108 1 1
709 325 2 4
709 354 9 4
709 644 1 2
709 843 9 4
710 2 2 9
711 19 5 1
712 35 9 6
712 141 8 3
712 283 7 5
712 294 1 4
712 862 10 3
713 593 9 6
713 837 3 4
716 98 2 7
716 339 8 5
716 649 8 7
716 842 9 5
719 512 6 9
720 7 10 5
720 144 6 1
720 803 5 7
721 0 9 8
721 104 2 10
721 170 9 10
721 323 3 9
721 584 1 3
722 82 9 5
722 100 1 5
722 104 4 3
722 146 2 9
722 258 10 10
722 393 6 4
722 398 9 3
722 464 3 10
723 142 8 3
724 20 2 10
724 596 10 9
725 44 3 3
725 65 8 3
726 322 8 9
727 200 4 3
728 227 9 9
728 350 2 7
728 712 3 4
729 578 3 10
730 332 3 10
732 834 8 6
736 24 7 10
737 25 9 10
737 64 6 10
737 288 9 6
737 610 4 7
738 970 4 4
740 235 4 10
740 778 4 2
740 801 6 1
741 45 4 8
741 260 10 5
742 97 4 4
743 787 3 2
744 124 10 5
744 280 1 6
744 762 7 7
745 63 3 5
746 386 4 4
746 536 4 8
751 506 8 6
752 261 7 3
752 494 4 8
752 786 10 2
754 32 8 10
759 130 5 5
760 40 4 2
760 220 8 8
760 257 4 4
760 300 6 10
761 435 4 10
763 668 1 4
765 513 2 9
768 68 3 2
768 226 8 1
768 326 6 1
768 502 3 10
768 608 5 8
768 666 6 7
768 736 2 10
768 738 10 10
768 926 10 9
769 34 8 6
769 277 3 6
769 350 8 10
769 640 2 2
769 773 5 7
770 67 6 2
770 211 6 9
770 256 8 3
770 515 6 6
770 663 3 5
771 128 1 5
771 793 7 6
771 800 4 2
772 0 7 4
772 32 5 8
772 130 4 8
773 1 1 4
774 8 1 9
774 936 6 10
775 48 9 3
775 921 9 7
776 101 7 2
776 155 7 2
776 586 6 6
776 697 4 5
777 6 8 8
777 84 8 10
777 200 2 1
777 318 9 4
777 539 4 8
777 554 1 2
777 608 3 7
777 641 4 9
778 330 1 2
778 389 9 7
778 707 2 9
780 14 4 9
780 16 7 6
780 193 2 8
780 552 7 3
780 707 7 2
780 901 10 4
781 222 2 2
781 496 3 6
782 226 4 2
782 405 8 6
784 1 1 7
784 514 4 3
784 549 9 2
784 569 8 4
784 604 1 9
784 634 9 2
784 841 3 8
785 45 8 10
785 257 9 6
786 142 3 6
786 521 4 1
786 576 4 10
786 914 1 7
787 199 9 8
788 25 1 1
788 324 7 6
788 332 7 1
792 16 6 3
792 274 3 10
792 540 1 9
792 594 2 2
793 52 9 7
793 498 6 5
793 628 4 7
795 422 3 8
795 661 3 10
798 776 3 9
799 433 9 6
800 9 2 5
800 45 8 1
800 73 8 8
800 97 8 2
800 133 2 4
800 824 6 9
801 34 5 8
801 312 7 6
801 592 4 4
801 642 4 1
802 660 9 3
802 769 8 1
803 512 8 6
804 0 5 8
804 104 9 4
804 337 6 10
804 433 6 9
804 779 8 8
805 387 10 1
805 781 5 4
806 43 5 10
806 134 10 7
806 232 4 4
806 326 1 10
806 480 9 8
808 302 3 5
808 526 2 10
808 777 2 6
808 937 4 10
808 945 5 4
810 17 3 7
810 394 3 4
810 416 8 8
812 778 6 4
814 161 5 6
814 264 9 5
814 523 10 1
814 905 6 4
816 18 1 8
816 24 1 1
817 784 7 6
818 253 9 8
819 69 8 1
819 538 3 7
821 236 7 2
822 211 3 4
824 392 10 8
824 609 2 4
824 978 8 8
828 592 9 1
830 356 6 5
832 16 6 5
832 21 4 2
832 30 4 1
832 43 3 8
832 281 3 1
832 304 7 5
832 328 10 4
832 427 4 9
832 518 1 4
832 548 7 1
833 147 2 2
833 999 7 7
834 0 2 9
834 32 8 10
834 67 4 5
834 104 6 10
834 148 6 1
834 912 10 3
835 264 7 6
835 392 3 10
835 583 6 4
836 86 4 5
836 388 5 10
836 485 8 5
838 785 10 6
839 21 6 4
840 96 5 5
840 106 8 4
840 545 4 7
840 800 7 3
841 32 1 1
841 370 1 7
842 132 6 4
842 200 6 9
843 939 1 7
844 584 5 1
845 561 4 1
845 624 4 3
848 90 4 9
848 188 6 8
848 313 10 10
848 391 3 7
848 899 10 4
849 792 8 4
849 1018 3 2
850 308 1 4
850 776 6 10
851 195 2 5
852 2 4 5
852 64 4 3
852 72 9 10
852 824 7 5
854 681 8 9
856 256 10 3
856 866 10 3
857 42 1 4
862 130 6 3
863 516 1 4
864 23 2 8
864 786 5 7
866 260 2 9
867 998 4 3
868 332 4 6
870 6 4 6
870 68 6 9
871 264 3 3
872 32 7 1
872 50 6 2
872 165 2 9
873 9 9 4
874 360 5 2
875 164 5 3
878 258 3 3
880 611 1 8
882 42 1 5
882 591 4 10
882 778 9 9
884 802 8 5
885 601 2 8
894 392 10 3
895 603 4 1
896 330 8 2
896 868 2 8
897 39 6 8
897 115 7 10
897 523 6 2
897 1002 2 10
898 336 6 8
898 699 7 7
899 537 6 2
899 736 5 5
900 4 6 8
900 162 3 3
900 313 10 3
902 131 10 5
902 420 8 4
903 339 1 1
904 112 7 1
904 231 3 4
904 552 4 8
904 888 6 5
904 929 2 7
905 12 8 8
905 196 5 6
905 248 9 8
905 540 6 10
905 572 5 2
906 137 9 10
906 194 1 6
906 210 2 3
906 328 10 1
907 276 8 8
908 456 3 2
910 614 9 7
911 5 7 10
911 10 4 1
911 896 5 6
912 2 6 5
912 85 3 1
912 129 3 3
912 388 1 4
914 216 6 1
914 669 10 5
914 776 1 1
914 968 6 7
915 431 7 5
916 742 7 4
916 777 6 7
917 560 5 7
917 912 3 8
918 0 9 8
920 200 1 9
921 272 5 8
921 320 8 4
922 8 7 9
922 784 5 8
924 33 3 6
924 196 2 1
927 190 3 5
928 64 5 1
928 384 5 1
928 516 6 4
928 518 9 6
929 10 4 6
929 257 3 9
929 316 3 4
930 547 8 10
930 720 8 7
931 230 3 6
931 657 5 10
932 274 3 2
932 783 10 3
933 657 6 10
934 94 9 9
938 261 9 8
938 316 7 4
938 552 8 2
940 512 3 7
941 771 7 2
944 165 9 10
944 756 6 9
945 456 8 4
946 205 10 1
947 568 3 7
948 9 1 7
951 818 7 9
952 37 9 6
953 905 7 6
954 22 10 5
956 846 2 3
958 844 4 3
960 358 5 5
961 131 4 9
961 291 6 9
961 333 7 8
961 472 10 2
961 481 7 7
963 130 8 8
965 937 1 6
966 29 6 2
966 192 8 2
966 197 3 6
966 555 10 4
968 51 8 8
968 352 7 5
968 360 4 3
969 313 1 2
969 769 7 6
970 180 4 7
971 566 10 2
975 205 10 6
976 321 1 10
976 779 5 2
977 22 5 3
977 34 3 10
977 549 6 6
978 817 7 8
984 324 7 10
984 483 8 6
985 268 9 10
986 772 4 5
987 962 3 9
988 366 4 7
990 35 1 5
996 36 8 7
996 836 9 4
998 127 8 4
998 179 1 4
1000 260 8 9
1001 286 4 5
1002 652 1 3
1002 912 6 2
1003 684 8 2
1004 129 3 5
1011 36 5 2
1013 316 3 2
1018 358 3 1
1020 371 5 4
1020 385 3 10
1021 643 5 7
